Type	error	PC Date	PC Time	GPS date	gps time	latitude	longitude	equ temp	std val	CO2 mv	CO2 um/m	H2O mv	H2O mm/m	licor temp	licor press	 atm press	equ press	H2O flow	licor flow	equ pump	vent flow	atm cond	equ cond	drip 1	Aux. H2Oflow	cond temp	dry box temp	deck box temp	Fluke Temp2	Oxygen	Saturation	Optode Temp	WB Pressure	O2_Cal_status
GO TO SLEEP	0	29/08/18	09:46:18	//	09:46:18	57.0475	10.0547										0.00	4.16	-3.55	124.00	-23.38	9.89	9.89	9.89	4.02	16.795	277.599	97.082	19.640	1017.23	2
STD1	0	29/08/18	09:50:45	//	09:50:46	57.0476	10.0545	19.15	0.00	7.90	1.10	-28.46	-0.18	33.52	1017.00	1013.95	-0.05	0.05	84.85	124.00	-55.17	9.89	9.89	9.89	0.98	17.19	28.12	35.30	17.206	271.778	96.945	20.635	1017.25	2
STD2	0	29/08/18	09:55:16	//	09:55:16	57.0475	10.0544	19.59	189.97	1240.50	189.15	-28.92	-0.18	33.22	1017.00	1014.00	-0.03	0.05	72.21	124.00	-55.17	9.89	9.89	9.89	0.98	19.25	28.00	35.41	17.471	267.377	96.965	21.478	1017.30	2
STD3	0	29/08/18	09:59:46	//	09:59:47	57.0476	10.0543	19.94	395.35	2237.90	392.79	-29.33	-0.18	32.87	1017.10	1014.03	-0.04	0.05	77.75	124.00	-55.22	9.89	9.89	9.89	0.98	20.56	28.37	35.41	17.696	263.938	96.948	22.137	1017.35	2
STD4	0	29/08/18	10:04:17	//	10:04:17	57.0476	10.0544	20.23	519.92	2729.80	517.76	-28.21	-0.17	32.98	1017.20	1014.13	-0.04	0.05	67.00	124.00	95.43	9.89	9.89	9.89	0.98	21.50	28.44	35.51	17.882	261.140	96.858	22.644	1017.43	2
WAKE UP	0	29/08/18	18:47:12	//	18:47:12	57.3895	10.7416										0.01	0.05	-3.10	124.00	758.84	9.89	9.89	9.89	1.51	17.437	245.285	97.187	26.187	1015.73	1
STD1z-DRAIN	0	29/08/18	18:51:42	//	18:51:42	57.4089	10.7425	17.40	0.00	7.10	1.00	-7.87	-0.05	35.01	1015.50	1012.16	-0.10	2.86	75.89	124.00	-52.46	9.89	9.89	9.89	3.96	14.69	28.69	36.03	17.032	278.380	92.963	17.378	1015.77	1
STD4s	0	29/08/18	18:56:37	//	18:56:37	57.4297	10.7432	17.23	0.00	2712.40	515.78	-21.29	-0.13	35.03	1015.50	1012.18	-0.10	2.87	65.80	124.00	-47.53	9.89	9.89	9.89	4.00	8.87	28.94	36.03	17.018	291.954	97.244	17.254	1015.77	1
STD1	0	29/08/18	19:01:07	//	19:01:07	57.4487	10.7435	17.21	0.00	7.58	0.07	-29.33	-0.18	35.06	1015.50	1012.16	-0.10	2.90	79.12	124.00	-55.40	9.89	9.89	9.89	3.92	5.62	29.00	36.03	17.094	297.590	99.140	17.263	1015.75	1
STD2	0	29/08/18	19:05:38	//	19:05:38	57.4679	10.7443	17.28	189.97	1232.50	189.19	-29.87	-0.19	35.10	1015.50	1012.18	-0.16	2.90	73.77	124.00	-55.31	9.89	9.89	9.89	4.00	5.06	29.00	36.03	17.097	300.750	100.305	17.317	1015.76	1
STD3	0	29/08/18	19:10:08	//	19:10:08	57.4872	10.7452	17.30	395.35	2223.00	394.24	-32.54	-0.20	35.13	1015.50	1012.18	-0.05	2.89	79.32	124.00	100.12	9.89	9.89	9.89	3.94	5.00	28.94	35.93	17.110	303.208	101.155	17.331	1015.77	1
STD4	0	29/08/18	19:14:37	//	19:14:37	57.5063	10.7464	17.31	519.92	2712.00	519.99	-33.04	-0.21	35.16	1015.50	1012.23	-0.12	2.87	68.59	124.00	-55.21	9.89	9.89	9.89	3.92	4.87	29.00	35.93	17.139	304.300	101.555	17.348	1015.78	1
ATM	0	29/08/18	19:19:08	//	19:19:08	57.5256	10.7479	17.28	NaN	2243.00	399.71	235.12	1.59	35.19	1015.50	1012.19	-0.15	2.88	102.95	124.00	-54.35	9.89	9.89	9.89	3.92	4.81	28.94	35.93	17.103	302.049	100.739	17.317	1015.78	1
ATM	0	29/08/18	19:20:38	//	19:20:38	57.5321	10.7484	17.28	NaN	2243.10	399.75	234.16	1.58	35.20	1015.50	1012.22	-0.20	2.88	102.46	124.00	-52.83	9.89	9.89	9.89	3.90	5.12	28.94	35.93	17.151	300.291	100.196	17.338	1015.79	1
ATM	0	29/08/18	19:22:08	//	19:22:08	57.5385	10.7488	17.32	NaN	2242.80	399.66	232.54	1.57	35.20	1015.50	1012.23	-0.10	2.87	101.74	124.00	-52.81	9.89	9.89	9.89	3.96	4.87	29.00	35.93	17.123	299.680	100.015	17.349	1015.79	1
ATM	0	29/08/18	19:23:39	//	19:23:39	57.5451	10.7492	17.29	NaN	2243.00	399.74	231.20	1.56	35.21	1015.50	1012.19	-0.18	2.86	105.02	124.00	-54.36	9.89	9.89	9.89	3.92	4.94	28.94	35.93	17.093	299.654	99.949	17.321	1015.76	1
ATM	0	29/08/18	19:25:10	//	19:25:10	57.5516	10.7497	17.27	NaN	2243.00	399.74	228.91	1.54	35.22	1015.50	1012.19	-0.16	2.87	101.68	124.00	-55.00	9.89	9.89	9.89	4.00	5.00	29.00	35.93	17.103	299.958	100.029	17.311	1015.75	1
EQU	0	29/08/18	19:30:06	//	19:30:05	57.5729	10.7512	17.28	NaN	2263.40	404.77	245.04	1.66	35.24	1015.40	1012.15	-0.12	2.87	83.10	124.00	170.17	9.89	9.89	9.89	3.88	5.06	28.94	35.93	17.125	302.246	100.814	17.322	1015.75	1
EQU	0	29/08/18	19:31:37	//	19:31:37	57.5795	10.7515	17.31	NaN	2261.70	404.36	244.66	1.66	35.25	1015.40	1012.16	-0.14	2.87	82.26	124.00	-42.58	9.89	9.89	9.89	4.00	4.94	28.94	35.93	17.161	301.837	100.740	17.351	0.00	1
EQU	0	29/08/18	19:33:10	//	19:33:10	57.5863	10.7519	17.34	NaN	2270.90	406.58	241.62	1.64	35.26	1015.40	1012.17	-0.19	2.87	82.32	124.00	-42.25	9.89	9.89	9.89	3.90	4.94	28.94	35.82	17.168	301.137	100.558	17.376	1015.73	1
EQU	0	29/08/18	19:34:43	//	19:34:43	57.5930	10.7524	17.38	NaN	2288.00	410.77	238.95	1.62	35.27	1015.40	1012.17	-0.24	2.86	83.36	124.00	-51.34	9.89	9.89	9.89	4.00	4.94	29.00	35.82	17.227	300.132	100.328	17.427	1015.75	1
EQU	0	29/08/18	19:36:16	//	19:36:16	57.5998	10.7528	17.41	NaN	2297.70	413.16	235.91	1.60	35.26	1015.40	1012.21	-0.12	2.87	82.63	124.00	-53.18	9.89	9.89	9.89	3.98	4.81	29.00	35.82	17.328	299.616	100.275	17.484	1015.72	1
EQU	0	29/08/18	19:37:49	//	19:37:48	57.6065	10.7532	17.50	NaN	2296.00	412.72	234.04	1.58	35.28	1015.50	1012.21	-0.17	2.89	82.21	124.00	320.47	9.89	9.89	9.89	3.94	5.06	28.94	35.82	17.377	299.870	100.483	17.543	1015.77	1
EQU	0	29/08/18	19:39:21	//	19:39:21	57.6132	10.7536	17.59	NaN	2286.10	410.27	231.62	1.56	35.28	1015.50	1012.19	-0.20	2.88	82.94	124.00	318.87	9.89	9.89	9.89	3.94	4.81	28.94	35.82	17.453	299.550	100.576	17.640	1015.76	1
EQU	0	29/08/18	19:40:54	//	19:40:54	57.6200	10.7540	17.62	NaN	2266.60	405.55	229.58	1.55	35.28	1015.50	1012.24	-0.19	2.90	83.21	124.00	169.07	9.89	9.89	9.89	3.90	5.06	28.94	35.82	17.473	299.181	100.508	17.666	1015.78	1
EQU	0	29/08/18	19:42:27	//	19:42:27	57.6266	10.7551	17.64	NaN	2250.20	401.53	228.37	1.54	35.28	1015.50	1012.24	-0.13	2.89	83.00	124.00	-55.22	9.89	9.89	9.89	3.90	4.94	28.94	35.82	17.492	299.405	100.623	17.685	1015.79	1
EQU	0	29/08/18	19:44:00	//	19:44:00	57.6333	10.7562	17.67	NaN	2237.30	398.42	226.37	1.53	35.29	1015.50	1012.26	-0.16	2.87	83.36	124.00	-36.35	9.89	9.89	9.89	3.94	4.87	29.00	35.82	17.541	299.621	100.776	17.724	1015.85	1
EQU	0	29/08/18	19:45:32	//	19:45:32	57.6401	10.7575	17.71	NaN	2226.80	395.89	225.58	1.52	35.30	1015.50	1012.27	-0.22	2.87	83.15	124.00	-12.24	9.89	9.89	9.89	3.92	5.06	29.00	35.82	17.529	299.743	100.865	17.747	1015.84	1
EQU	0	29/08/18	19:47:05	//	19:47:05	57.6469	10.7585	17.69	NaN	2215.90	393.28	224.54	1.51	35.30	1015.50	1012.28	-0.13	2.88	84.95	124.00	-9.28	9.89	9.89	9.89	3.96	4.75	29.00	35.82	17.489	300.145	100.938	17.717	1015.87	1
EQU-DRAIN	0	29/08/18	19:48:38	//	19:48:38	57.6537	10.7597	17.64	NaN	2203.50	390.30	223.70	1.51	35.30	1015.60	1012.29	-0.14	2.88	83.47	124.00	-38.86	9.89	9.89	9.89	3.92	5.06	29.00	35.82	17.438	300.927	101.109	17.673	1015.88	1
EQU	0	29/08/18	19:50:32	//	19:50:32	57.6619	10.7611	17.60	NaN	2187.90	386.61	224.04	1.51	35.31	1015.60	1012.30	-0.13	2.89	84.05	124.00	104.34	9.89	9.89	9.89	3.88	4.81	28.94	35.82	17.421	300.807	100.993	17.637	1015.88	1
EQU	0	29/08/18	19:52:05	//	19:52:04	57.6685	10.7624	17.57	NaN	2191.00	387.34	222.08	1.50	35.31	1015.60	1012.33	-0.24	2.88	84.37	124.00	102.20	9.89	9.89	9.89	4.04	5.00	29.00	35.82	17.343	300.364	100.762	17.597	1015.89	1
EQU	0	29/08/18	19:53:37	//	19:53:37	57.6752	10.7633	17.51	NaN	2210.20	391.90	221.04	1.49	35.31	1015.60	1012.33	-0.17	2.89	85.86	124.00	23.51	9.89	9.89	9.89	3.94	4.81	28.94	35.82	17.309	298.191	99.898	17.533	1015.90	1
EQU	0	29/08/18	19:55:10	//	19:55:10	57.6820	10.7643	17.45	NaN	2235.10	397.85	220.12	1.48	35.32	1015.60	1012.38	-0.19	2.89	83.58	124.00	-55.36	9.89	9.89	9.89	3.98	5.06	29.00	35.82	17.201	297.121	99.388	17.459	1015.91	1
EQU	0	29/08/18	19:56:43	//	19:56:43	57.6888	10.7651	17.36	NaN	2263.30	404.65	218.91	1.47	35.32	1015.60	1012.35	-0.16	2.88	83.47	124.00	-55.44	9.89	9.89	9.89	3.90	4.94	29.00	35.72	17.169	295.505	98.699	17.386	1015.93	1
EQU	0	29/08/18	19:58:16	//	19:58:16	57.6957	10.7659	17.35	NaN	2295.30	412.47	218.25	1.47	35.32	1015.60	1012.38	-0.30	2.88	83.36	124.00	19.30	9.89	9.89	9.89	3.92	4.87	28.94	35.82	17.159	294.940	98.495	17.379	1015.94	1
EQU	0	29/08/18	19:59:49	//	19:59:49	57.7024	10.7671	17.33	NaN	2318.40	418.15	217.37	1.46	35.32	1015.60	1012.39	-0.20	2.89	83.36	124.00	22.55	9.89	9.89	9.89	3.90	5.12	29.00	35.72	17.184	295.474	98.657	17.371	1015.93	1
EQU	0	29/08/18	20:01:21	//	20:01:21	57.7091	10.7681	17.38	NaN	2335.90	422.48	216.79	1.46	35.33	1015.60	1012.37	-0.22	2.87	84.58	124.00	-52.03	9.89	9.89	9.89	3.98	4.87	29.00	35.72	17.255	295.681	98.840	17.426	15.95	1
EQU	0	29/08/18	20:02:54	//	20:02:54	57.7160	10.7691	17.44	NaN	2346.10	425.03	215.75	1.45	35.33	1015.60	1012.38	-0.13	2.87	83.36	124.00	-51.97	9.89	9.89	9.89	3.92	5.00	28.94	35.72	17.311	296.002	99.082	17.492	1015.94	1
EQU	0	29/08/18	20:04:27	//	20:04:27	57.7228	10.7694	17.50	NaN	2353.20	426.80	215.54	1.45	35.34	1015.60	1012.38	-0.19	2.87	84.58	124.00	-55.34	9.89	9.89	9.89	3.84	5.06	29.00	35.82	17.352	295.625	99.063	17.544	1015.94	1
EQU	0	29/08/18	20:06:00	//	20:06:00	57.7296	10.7694	17.52	NaN	2354.90	427.25	214.08	1.44	35.34	1015.50	1012.38	-0.18	2.88	83.84	124.00	-55.29	9.89	9.89	9.89	3.92	4.81	29.00	35.72	17.348	294.976	98.870	17.556	1015.96	1
EQU	0	29/08/18	20:07:33	//	20:07:33	57.7365	10.7695	17.53	NaN	2348.70	425.64	213.41	1.43	35.34	1015.60	1012.39	-0.20	2.88	82.21	124.00	-55.27	9.89	9.89	9.89	3.94	5.06	29.00	35.72	17.394	294.898	98.895	17.581	1015.98	1
EQU	0	29/08/18	20:09:06	//	20:09:05	57.7433	10.7695	17.56	NaN	2342.20	424.04	213.91	1.44	35.35	1015.60	1012.40	-0.10	2.87	82.63	124.00	-55.29	9.89	9.89	9.89	3.88	4.87	29.00	35.72	17.392	295.320	99.072	17.599	1015.99	1
EQU	0	29/08/18	20:10:38	//	20:10:38	57.7500	10.7696	17.56	NaN	2340.90	423.73	213.37	1.43	35.35	1015.60	1012.41	-0.20	2.84	82.84	124.00	-55.28	9.89	9.89	9.89	4.04	4.94	29.00	35.72	17.412	295.124	99.022	17.606	1015.97	1
EQU	0	29/08/18	20:12:11	//	20:12:11	57.7568	10.7694	17.58	NaN	2339.00	423.26	212.70	1.43	35.35	1015.60	1012.42	-0.25	2.85	83.10	124.00	-55.27	9.89	9.89	9.89	3.94	4.94	28.94	35.72	17.420	294.061	98.690	17.619	1015.96	1
EQU	0	29/08/18	20:13:44	//	20:13:44	57.7637	10.7683	17.58	NaN	2330.50	421.14	212.50	1.43	35.35	1015.70	1012.41	-0.14	2.85	85.49	124.00	-55.27	9.89	9.89	9.89	4.02	4.87	28.94	35.72	17.413	293.184	98.398	17.619	1015.97	1
EQU	0	29/08/18	20:15:17	//	20:15:17	57.7705	10.7665	17.58	NaN	2321.90	419.04	212.08	1.42	35.36	1015.60	1012.41	-0.22	2.86	82.94	124.00	-55.29	9.89	9.89	9.89	3.90	5.06	29.00	35.72	17.411	292.469	98.161	17.621	1015.97	1
EQU	0	29/08/18	20:16:51	//	20:16:51	57.7772	10.7632	17.57	NaN	2318.90	418.31	211.91	1.42	35.36	1015.60	1012.39	-0.25	2.84	83.47	124.00	-55.34	9.89	9.89	9.89	3.94	4.81	29.00	35.72	17.391	292.266	98.054	17.602	1015.97	1
EQU	0	29/08/18	20:18:24	//	20:18:24	57.7832	10.7574	17.55	NaN	2320.50	418.75	211.83	1.42	35.37	1015.60	1012.34	-0.13	2.86	84.37	124.00	-55.33	9.89	9.89	9.89	3.92	5.00	29.00	35.72	17.351	291.732	97.836	17.583	1015.92	1
EQU	0	29/08/18	20:19:57	//	20:19:57	57.7881	10.7487	17.51	NaN	2326.60	420.27	211.08	1.42	35.38	1015.50	1012.22	-0.17	2.83	83.31	124.00	-55.31	9.89	9.89	9.89	4.12	4.94	29.00	35.72	17.346	290.140	97.236	17.550	1015.86	1
EQU	0	29/08/18	20:21:29	//	20:21:29	57.7909	10.7375	17.52	NaN	2339.80	423.62	210.33	1.41	35.37	1015.40	1012.16	-0.16	2.83	82.68	124.00	-55.29	9.89	9.89	9.89	4.44	4.87	29.00	35.72	17.333	289.749	97.107	17.551	1015.76	1
EQU	0	29/08/18	20:23:02	//	20:23:02	57.7915	10.7252	17.50	NaN	2351.80	426.62	210.20	1.41	35.37	1015.40	1012.07	-0.26	2.85	81.95	124.00	-55.27	9.89	9.89	9.89	4.22	5.06	29.00	35.72	17.319	288.705	96.723	17.534	1015.66	1
EQU	0	29/08/18	20:24:35	//	20:24:35	57.7916	10.7124	17.49	NaN	2365.70	430.11	209.58	1.41	35.38	1015.30	1012.13	-0.25	2.85	84.63	124.00	-55.26	9.89	9.89	9.89	3.92	4.87	29.00	35.72	17.343	286.378	95.944	17.534	1015.67	1
EQU	0	29/08/18	20:26:08	//	20:26:08	57.7916	10.6993	17.51	NaN	2383.80	434.65	209.00	1.40	35.38	1015.30	1012.06	-0.21	2.84	84.10	124.00	-55.27	9.89	9.89	9.89	3.73	5.06	29.00	35.61	17.397	283.252	94.944	17.558	1015.67	1
EQU	0	29/08/18	20:27:41	//	20:27:41	57.7915	10.6862	17.57	NaN	2400.50	438.84	208.66	1.40	35.37	1015.30	1012.08	-0.21	2.85	82.47	124.00	-55.28	9.89	9.89	9.89	3.88	4.94	29.00	35.72	17.503	282.560	94.864	17.636	1015.66	1
EQU	0	29/08/18	20:29:13	//	20:29:13	57.7916	10.6734	17.69	NaN	2387.50	435.56	208.33	1.40	35.39	1015.40	1012.06	-0.16	2.84	84.26	124.00	-55.28	9.89	9.89	9.89	3.98	4.87	29.00	35.72	17.586	288.202	96.978	17.745	1015.66	1
EQU	0	29/08/18	20:30:46	//	20:30:46	57.7918	10.6605	17.75	NaN	2338.40	423.32	208.20	1.40	35.40	1015.40	1012.09	-0.18	2.83	82.32	124.00	-55.29	9.89	9.89	9.89	3.96	5.06	29.00	35.61	17.550	289.594	97.534	17.789	1015.65	1
EQU	0	29/08/18	20:32:19	//	20:32:19	57.7918	10.6475	17.70	NaN	2308.30	415.86	208.08	1.39	35.40	1015.40	1012.09	-0.22	2.85	83.10	124.00	-55.29	9.89	9.89	9.89	3.98	4.81	29.00	35.72	17.562	288.846	97.180	17.738	1015.65	1
EQU	0	29/08/18	20:33:52	//	20:33:52	57.7919	10.6347	17.74	NaN	2293.50	412.23	207.45	1.39	35.39	1015.40	1012.08	-0.09	2.85	83.84	124.00	19.43	9.89	9.89	9.89	3.92	5.00	28.94	35.72	17.592	288.379	97.100	17.776	1015.66	1
EQU	0	29/08/18	20:35:25	//	20:35:25	57.7920	10.6219	17.75	NaN	2288.50	411.03	207.33	1.39	35.40	1015.40	1012.08	-0.06	2.85	82.84	124.00	243.74	9.89	9.89	9.89	3.88	5.06	29.00	35.72	17.597	288.117	97.027	17.784	1015.64	1
EQU	0	29/08/18	20:36:58	//	20:36:58	57.7921	10.6091	17.78	NaN	2283.70	409.87	207.04	1.39	35.40	1015.30	1012.05	-0.19	2.85	84.10	124.00	617.59	9.89	9.89	9.89	3.88	4.75	29.00	35.72	17.631	288.343	97.174	17.819	1015.63	1
EQU	0	29/08/18	20:38:30	//	20:38:30	57.7921	10.5966	17.78	NaN	2275.20	407.80	206.75	1.38	35.40	1015.30	1012.03	-0.22	2.86	83.15	124.00	1066.26	9.89	9.89	9.89	3.86	5.00	28.94	35.72	17.580	288.434	97.183	17.809	1015.65	1
EQU	0	29/08/18	20:40:03	//	20:40:03	57.7922	10.5840	17.74	NaN	2268.40	406.15	206.29	1.38	35.40	1015.30	1012.02	-0.16	2.85	84.05	124.00	1066.31	9.89	9.89	9.89	3.94	4.94	29.00	35.72	17.592	288.752	97.227	17.777	1015.62	1
EQU	0	29/08/18	20:41:36	//	20:41:36	57.7922	10.5713	17.76	NaN	2261.00	404.33	206.08	1.38	35.39	1015.30	1012.02	-0.19	2.86	83.84	124.00	1066.39	9.89	9.89	9.89	3.88	4.94	28.94	35.72	17.584	289.572	97.534	17.792	1015.64	1
EQU	0	29/08/18	20:43:09	//	20:43:09	57.7923	10.5588	17.67	NaN	2252.20	402.19	205.75	1.38	35.40	1015.30	1012.08	-0.09	2.88	83.10	124.00	1066.44	9.89	9.89	9.89	3.88	5.00	29.00	35.72	17.179	292.595	98.133	17.586	1015.63	1
EQU	0	29/08/18	20:44:41	//	20:44:41	57.7922	10.5463	17.32	NaN	2209.20	391.85	205.66	1.38	35.39	1015.30	1012.10	-0.18	2.86	83.89	124.00	1066.54	9.89	9.89	9.89	3.84	4.81	29.00	35.72	17.027	296.609	98.925	17.317	1015.62	1
EQU	0	29/08/18	20:46:14	//	20:46:14	57.7922	10.5337	17.21	NaN	2155.40	379.12	205.83	1.38	35.40	1015.30	1012.12	-0.22	2.85	84.58	124.00	1066.52	9.89	9.89	9.89	3.94	5.06	28.94	35.72	17.019	296.469	98.715	17.238	1015.67	1
EQU	0	29/08/18	20:47:47	//	20:47:47	57.7920	10.5212	17.20	NaN	2127.10	372.49	205.45	1.38	35.40	1015.30	1012.12	-0.26	2.84	84.79	124.00	1066.52	9.89	9.89	9.89	4.00	4.81	28.94	35.72	17.022	296.597	98.750	17.234	1015.65	1
EQU-DRAIN	0	29/08/18	20:49:20	//	20:49:20	57.7918	10.5087	17.20	NaN	2110.60	368.65	205.58	1.38	35.40	1015.30	1012.08	-0.28	2.84	83.52	124.00	1066.49	9.89	9.89	9.89	4.00	5.06	28.94	35.72	17.031	296.716	98.799	17.239	1015.66	1
EQU	0	29/08/18	20:51:13	//	20:51:13	57.7916	10.4935	17.21	NaN	2097.50	365.63	206.25	1.38	35.39	1015.30	1012.04	-0.30	2.86	83.52	124.00	1066.49	9.89	9.89	9.89	3.88	4.81	29.00	35.72	17.028	296.974	98.895	17.244	1015.57	1
EQU	0	29/08/18	20:52:46	//	20:52:46	57.7914	10.4809	17.21	NaN	2092.30	364.46	205.79	1.38	35.40	1015.20	1011.99	-0.23	2.84	85.54	124.00	1066.49	9.89	9.89	9.89	3.98	5.06	29.00	35.72	17.038	296.793	98.834	17.243	1015.59	1
EQU	0	29/08/18	20:54:19	//	20:54:19	57.7912	10.4682	17.22	NaN	2091.30	364.21	205.08	1.37	35.40	1015.30	1012.03	-0.20	2.85	82.84	124.00	1066.49	9.89	9.89	9.89	3.94	4.81	29.00	35.72	17.055	296.515	98.764	17.254	1015.57	1
EQU	0	29/08/18	20:55:52	//	20:55:52	57.7911	10.4556	17.24	NaN	2092.30	364.43	204.66	1.37	35.40	1015.30	1011.96	-0.17	2.83	83.10	124.00	1066.47	9.89	9.89	9.89	4.02	5.06	29.00	35.72	17.077	296.289	98.741	17.280	1015.57	1
EQU	0	29/08/18	20:57:25	//	20:57:25	57.7910	10.4430	17.26	NaN	2094.30	364.90	204.54	1.37	35.40	1015.30	1011.99	-0.21	2.83	83.36	124.00	1066.47	9.89	9.89	9.89	3.98	4.81	28.94	35.72	17.096	295.897	98.641	17.295	1015.58	1
EQU	0	29/08/18	20:58:58	//	20:58:57	57.7909	10.4305	17.27	NaN	2096.80	365.49	203.91	1.36	35.39	1015.20	1012.03	-0.21	2.83	84.79	124.00	1066.44	9.89	9.89	9.89	4.00	5.06	29.00	35.72	17.110	295.628	98.586	17.311	1015.53	1
EQU	0	29/08/18	21:00:30	//	21:00:30	57.7908	10.4179	17.30	NaN	2100.00	366.24	203.66	1.36	35.39	1015.20	1011.98	-0.25	2.84	84.69	124.00	1066.52	9.89	9.89	9.89	3.92	4.87	28.94	35.72	17.133	295.334	98.529	17.331	1015.50	1
EQU	0	29/08/18	21:02:03	//	21:02:03	57.7907	10.4052	17.32	NaN	2103.80	367.14	203.91	1.36	35.39	1015.10	1011.90	-0.24	2.84	84.63	124.00	1066.47	9.89	9.89	9.89	4.07	5.06	28.94	35.72	17.164	295.036	98.485	17.358	1015.51	1
EQU	0	29/08/18	21:03:36	//	21:03:36	57.7906	10.3926	17.33	NaN	2109.50	368.44	203.66	1.36	35.38	1015.20	1011.92	-0.18	2.85	81.85	124.00	1066.47	9.89	9.89	9.89	3.90	4.87	29.00	35.72	17.151	294.337	98.262	17.364	1015.48	1
EQU	0	29/08/18	21:05:09	//	21:05:09	57.7906	10.3799	17.32	NaN	2116.00	369.96	203.41	1.36	35.39	1015.20	1011.91	-0.33	2.83	83.58	124.00	1066.49	9.89	9.89	9.89	3.90	4.87	28.94	35.72	17.148	293.769	98.045	17.350	1015.47	1
EQU	0	29/08/18	21:06:42	//	21:06:42	57.7905	10.3673	17.33	NaN	2120.00	370.90	203.50	1.36	35.39	1015.20	1011.89	-0.28	2.84	84.63	124.00	1066.44	9.89	9.89	9.89	4.08	5.06	29.00	35.72	17.174	293.633	98.036	17.368	1015.45	1
EQU	0	29/08/18	21:08:14	//	21:08:14	57.7904	10.3547	17.35	NaN	2123.10	371.64	203.58	1.36	35.39	1015.10	1011.89	-0.12	2.83	83.68	124.00	1066.41	9.89	9.89	9.89	3.94	4.81	29.00	35.72	17.203	293.843	98.164	17.396	1015.46	1
EQU	0	29/08/18	21:09:47	//	21:09:47	57.7902	10.3421	17.38	NaN	2129.30	373.08	203.20	1.36	35.39	1015.10	1011.85	-0.18	2.85	83.21	124.00	1066.41	9.89	9.89	9.89	4.07	5.06	29.00	35.72	17.227	293.335	98.047	17.422	1015.44	1
EQU	0	29/08/18	21:11:21	//	21:11:20	57.7901	10.3294	17.40	NaN	2138.30	375.16	202.87	1.36	35.39	1015.20	1011.87	-0.15	2.86	84.37	124.00	997.59	9.89	9.89	9.89	4.00	4.81	29.00	35.72	17.240	293.332	98.078	17.438	1015.44	1
EQU	0	29/08/18	21:12:53	//	21:12:53	57.7900	10.3167	17.41	NaN	2145.30	376.81	202.79	1.36	35.39	1015.10	1011.90	-0.19	2.86	85.33	124.00	997.59	9.89	9.89	9.89	3.90	4.94	29.00	35.72	17.250	293.150	98.044	17.451	1015.46	1
EQU	0	29/08/18	21:14:26	//	21:14:25	57.7898	10.3041	17.42	NaN	2151.10	378.19	202.62	1.36	35.39	1015.10	1011.90	-0.25	2.83	83.00	124.00	1066.41	9.89	9.89	9.89	3.96	5.00	29.00	35.72	17.256	292.672	97.903	17.460	1015.49	1
EQU	0	29/08/18	21:15:58	//	21:15:58	57.7896	10.2914	17.43	NaN	2156.40	379.40	203.00	1.36	35.39	1015.20	1011.86	-0.13	2.83	82.37	124.00	1066.39	9.89	9.89	9.89	3.98	4.81	29.00	35.72	17.256	292.855	97.963	17.460	1015.48	1
EQU	0	29/08/18	21:17:31	//	21:17:31	57.7895	10.2786	17.42	NaN	2159.20	380.08	202.45	1.35	35.38	1015.10	1011.89	-0.19	2.85	84.79	124.00	1066.28	9.89	9.89	9.89	3.96	5.12	29.00	35.72	17.245	292.906	97.968	17.454	1015.41	1
EQU	0	29/08/18	21:19:04	//	21:19:04	57.7895	10.2657	17.41	NaN	2160.00	380.28	202.37	1.35	35.39	1015.10	1011.89	-0.16	2.85	83.42	124.00	1066.36	9.89	9.89	9.89	4.00	4.81	29.00	35.61	17.244	292.905	97.954	17.447	1015.39	1
EQU	0	29/08/18	21:20:37	//	21:20:36	57.7893	10.2530	17.42	NaN	2159.60	380.19	201.87	1.35	35.38	1015.10	1011.83	-0.19	2.85	84.58	124.00	1066.44	9.89	9.89	9.89	3.94	4.94	29.00	35.61	17.253	293.014	98.007	17.455	1015.40	1
EQU	0	29/08/18	21:22:09	//	21:22:09	57.7893	10.2401	17.42	NaN	2158.70	380.00	202.37	1.35	35.38	1015.10	1011.81	-0.19	2.85	84.37	124.00	1066.47	9.89	9.89	9.89	3.96	5.06	29.00	35.72	17.266	293.201	98.082	17.462	0.00	1
EQU	0	29/08/18	21:23:42	//	21:23:42	57.7892	10.2271	17.43	NaN	2157.30	379.69	201.70	1.35	35.40	1015.10	1011.80	-0.21	2.83	82.94	124.00	1066.41	9.89	9.89	9.89	3.94	4.81	28.94	35.61	17.280	293.523	98.213	17.473	1015.33	1
EQU	0	29/08/18	21:25:15	//	21:25:15	57.7892	10.2141	17.45	NaN	2154.40	378.99	201.58	1.35	35.39	1015.00	1011.79	-0.31	2.85	84.10	124.00	1066.28	9.89	9.89	9.89	3.80	5.06	28.94	35.72	17.280	294.194	98.462	17.485	1015.36	1
EQU	0	29/08/18	21:26:48	//	21:26:48	57.7892	10.2010	17.44	NaN	2151.40	378.29	201.87	1.35	35.39	1015.10	1011.76	-0.26	2.86	84.90	124.00	1066.28	9.89	9.89	9.89	4.20	4.94	29.00	35.72	17.254	294.713	98.604	17.469	1015.37	1
EQU	0	29/08/18	21:28:21	//	21:28:21	57.7891	10.1879	17.41	NaN	2144.10	376.59	201.66	1.35	35.39	1015.00	1011.82	-0.17	2.87	84.85	124.00	1066.33	9.89	9.89	9.89	3.90	4.87	29.00	35.72	17.208	295.184	98.689	17.434	1015.35	1
EQU	0	29/08/18	21:29:53	//	21:29:53	57.7891	10.1750	17.37	NaN	2133.50	374.10	202.08	1.35	35.38	1015.00	1011.80	-0.18	2.88	83.42	124.00	1066.41	9.89	9.89	9.89	3.82	5.00	28.94	35.72	17.170	296.259	98.964	17.393	1015.35	1
EQU	0	29/08/18	21:31:26	//	21:31:26	57.7891	10.1618	17.35	NaN	2118.50	370.59	201.91	1.35	35.38	1015.00	1011.79	-0.16	2.89	84.37	124.00	1066.49	9.89	9.89	9.89	3.90	4.81	29.00	35.72	17.189	296.696	99.097	17.387	1015.34	1
EQU	0	29/08/18	21:32:59	//	21:32:59	57.7892	10.1487	17.37	NaN	2109.10	368.41	201.58	1.35	35.38	1015.10	1011.80	-0.27	2.87	83.94	124.00	1066.41	9.89	9.89	9.89	4.02	5.12	28.94	35.61	17.211	296.180	98.972	17.409	1015.36	1
STD1	0	29/08/18	21:37:30	//	21:37:29	57.7891	10.1105	17.28	0.00	6.37	-0.10	-23.71	-0.15	35.38	1015.10	1011.83	-0.18	2.89	83.15	124.00	1066.39	9.89	9.89	9.89	3.98	5.06	28.94	35.61	17.082	298.742	99.612	17.306	1015.37	1
STD2	0	29/08/18	21:41:59	//	21:41:59	57.7891	10.0725	17.24	189.97	1231.70	189.32	-30.92	-0.19	35.37	1014.90	1011.74	-0.19	2.86	71.20	124.00	1066.41	9.89	9.89	9.89	3.96	4.87	29.00	35.61	17.062	299.810	99.899	17.273	1015.23	1
STD3	0	29/08/18	21:46:29	//	21:46:29	57.7848	10.0355	17.24	395.35	2220.10	394.16	-35.83	-0.23	35.36	1014.90	1011.60	-0.12	2.87	74.95	124.00	1066.31	9.89	9.89	9.89	3.92	4.81	28.94	35.61	17.080	299.531	99.814	17.276	1015.17	1
STD4-DRAIN	0	29/08/18	21:50:59	//	21:50:59	57.7795	9.9987	17.26	519.92	2708.80	519.91	-36.29	-0.23	35.37	1014.90	1011.57	-0.20	2.86	66.40	124.00	-36.59	9.89	9.89	9.89	3.96	5.00	28.94	35.61	17.090	300.122	100.029	17.285	1015.12	1
ATM	0	29/08/18	21:55:51	//	21:55:51	57.7739	9.9587	17.30	NaN	2277.90	408.66	197.58	1.32	35.37	1014.80	1011.54	-0.16	2.88	102.46	124.00	-55.25	9.89	9.89	9.89	4.14	4.81	28.94	35.61	17.120	299.697	99.980	17.329	1015.11	1
ATM	0	29/08/18	21:57:21	//	21:57:21	57.7722	9.9464	17.30	NaN	2275.60	408.08	198.66	1.33	35.35	1014.80	1011.59	-0.10	2.87	105.20	124.00	-55.27	9.89	9.89	9.89	3.88	5.06	28.94	35.61	17.121	299.160	99.808	17.332	1015.14	1
ATM	0	29/08/18	21:58:51	//	21:58:51	57.7705	9.9341	17.29	NaN	2277.30	408.51	199.04	1.33	35.37	1014.90	1011.54	-0.20	2.87	103.55	124.00	-55.32	9.89	9.89	9.89	3.92	4.94	29.00	35.61	17.118	299.336	99.853	17.326	1015.16	1
ATM	0	29/08/18	22:00:22	//	22:00:22	57.7689	9.9216	17.30	NaN	2278.10	408.71	198.62	1.33	35.36	1014.80	1011.60	-0.22	2.87	102.89	124.00	-55.30	9.89	9.89	9.89	3.86	4.81	28.94	35.82	17.162	298.667	99.684	17.352	1015.15	1
ATM	0	29/08/18	22:01:52	//	22:01:52	57.7672	9.9094	17.28	NaN	2280.40	409.22	198.91	1.33	35.36	1014.90	1011.46	-0.22	2.86	100.67	124.00	-55.28	9.89	9.89	9.89	4.47	5.12	28.94	35.61	17.131	298.595	99.589	17.318	1015.18	1
EQU	0	29/08/18	22:06:49	//	22:06:48	57.7662	9.8682	17.43	NaN	2094.40	365.03	205.50	1.38	35.35	1014.90	1011.64	-0.14	2.88	82.16	124.00	-49.75	9.89	9.89	9.89	4.26	4.87	28.94	35.61	17.278	293.851	98.310	17.467	1015.22	1
EQU	0	29/08/18	22:08:20	//	22:08:20	57.7663	9.8554	17.44	NaN	2117.50	370.36	206.50	1.38	35.35	1015.00	1011.64	-0.12	2.89	82.84	124.00	-47.60	9.89	9.89	9.89	3.90	5.00	28.94	35.61	17.236	292.930	97.995	17.463	1015.26	1
EQU	0	29/08/18	22:09:53	//	22:09:53	57.7666	9.8424	17.44	NaN	2132.90	373.97	205.62	1.38	35.35	1015.00	1011.68	-0.25	2.86	85.22	124.00	-51.76	9.89	9.89	9.89	3.80	4.81	28.94	35.61	17.354	292.866	98.059	17.505	1015.23	1
EQU	0	29/08/18	22:11:26	//	22:11:26	57.7669	9.8294	17.51	NaN	2136.70	374.85	204.62	1.37	35.35	1014.90	1011.72	-0.23	2.88	81.90	124.00	-51.40	9.89	9.89	9.89	4.08	5.06	28.94	35.61	17.275	292.792	98.059	17.517	1015.26	1
EQU	0	29/08/18	22:12:59	//	22:12:59	57.7672	9.8165	17.52	NaN	2141.00	375.86	204.08	1.37	35.35	1014.90	1011.67	-0.26	2.85	83.79	124.00	-55.19	9.89	9.89	9.89	3.49	4.81	28.94	35.61	17.521	292.015	97.986	17.610	1015.26	1
EQU	0	29/08/18	22:14:32	//	22:14:31	57.7674	9.8037	17.73	NaN	2141.40	375.96	203.41	1.36	35.36	1015.00	1011.67	-0.23	2.88	83.36	124.00	-55.20	9.89	9.89	9.89	3.96	5.12	28.94	35.61	17.612	293.128	98.709	17.781	1015.23	1
EQU	0	29/08/18	22:16:04	//	22:16:04	57.7676	9.7907	17.74	NaN	2144.10	376.59	202.87	1.36	35.36	1014.90	1011.70	-0.24	2.88	85.17	124.00	-55.40	9.89	9.89	9.89	4.65	4.81	28.94	35.61	17.584	293.178	98.705	17.771	1015.26	1
EQU	0	29/08/18	22:17:37	//	22:17:37	57.7680	9.7778	17.79	NaN	2145.60	376.92	202.25	1.35	35.35	1015.00	1011.73	-0.16	2.88	85.22	124.00	-55.30	9.89	9.89	9.89	4.07	5.00	28.94	35.61	17.667	292.574	98.644	17.841	1015.28	1
EQU	0	29/08/18	22:19:10	//	22:19:10	57.7683	9.7649	17.83	NaN	2147.80	377.42	202.37	1.35	35.35	1015.00	1011.74	-0.18	2.85	83.26	124.00	-55.25	9.89	9.89	9.89	3.57	5.06	28.94	35.61	17.672	292.191	98.575	17.871	1015.28	1
EQU	0	29/08/18	22:20:43	//	22:20:43	57.7685	9.7520	17.84	NaN	2150.80	378.13	201.54	1.35	35.35	1015.00	1011.71	-0.26	2.87	82.21	124.00	-55.41	9.89	9.89	9.89	3.47	4.81	28.94	35.61	17.701	291.984	98.527	17.881	1015.27	1
EQU	0	29/08/18	22:22:16	//	22:22:15	57.7687	9.7394	17.85	NaN	2152.80	378.63	201.37	1.35	35.34	1014.90	1011.70	-0.19	2.86	83.79	124.00	-55.49	9.89	9.89	9.89	3.27	5.06	28.94	35.61	17.699	291.834	98.503	17.894	1015.26	1
EQU	0	29/08/18	22:23:48	//	22:23:48	57.7691	9.7266	17.84	NaN	2155.30	379.18	201.79	1.35	35.35	1015.00	1011.70	-0.19	2.88	84.26	124.00	-55.61	9.89	9.89	9.89	3.96	4.81	28.94	35.51	17.684	291.809	98.462	17.879	1015.29	1
EQU	0	29/08/18	22:25:21	//	22:25:21	57.7694	9.7137	17.77	NaN	2155.50	379.21	201.58	1.35	35.35	1015.00	1011.68	-0.19	2.88	83.10	124.00	-55.68	9.89	9.89	9.89	3.86	5.00	28.94	35.61	17.485	292.319	98.398	17.762	1015.27	1
EQU	0	29/08/18	22:26:54	//	22:26:54	57.7697	9.7007	17.71	NaN	2155.40	379.21	201.58	1.35	35.35	1015.00	1011.76	-0.26	2.88	82.47	124.00	-55.70	9.89	9.89	9.89	3.41	5.06	29.00	35.51	17.586	291.111	97.982	17.757	1015.27	1
EQU	0	29/08/18	22:28:27	//	22:28:27	57.7701	9.6877	17.70	NaN	2153.40	378.77	200.91	1.34	35.35	1014.90	1011.56	-0.20	2.87	84.16	124.00	-55.44	9.89	9.89	9.89	3.71	4.75	28.94	35.61	17.434	291.932	98.157	17.708	1015.24	1
EQU	0	29/08/18	22:30:00	//	22:29:59	57.7703	9.6750	17.56	NaN	2155.00	379.13	200.12	1.34	35.35	1015.00	1011.67	-0.26	2.84	83.21	124.00	-50.53	9.89	9.89	9.89	3.93	5.12	28.94	35.61	17.307	291.256	97.664	17.577	1015.26	1
EQU	0	29/08/18	22:31:32	//	22:31:32	57.7706	9.6620	17.51	NaN	2158.10	379.88	200.29	1.34	35.34	1014.90	1011.68	-0.27	2.84	84.63	124.00	-49.39	9.89	9.89	9.89	4.39	4.87	28.94	35.51	17.407	290.657	97.442	17.566	1015.20	1
EQU	0	29/08/18	22:33:05	//	22:33:05	57.7710	9.6491	17.55	NaN	2158.70	380.02	199.62	1.33	35.35	1014.90	1011.58	-0.17	2.84	84.37	124.00	-53.04	9.89	9.89	9.89	3.51	5.06	28.94	35.51	17.431	291.190	97.653	17.582	1015.19	1
EQU	0	29/08/18	22:34:38	//	22:34:38	57.7713	9.6362	17.63	NaN	2153.00	378.67	199.50	1.33	35.34	1014.90	1011.60	-0.20	2.84	84.10	124.00	258.82	9.89	9.89	9.89	4.12	4.94	28.94	35.51	17.515	291.191	97.862	17.685	1015.23	1
EQU	0	29/08/18	22:36:12	//	22:36:12	57.7717	9.6232	17.68	NaN	2146.00	377.04	200.20	1.34	35.34	1014.90	1011.42	-0.18	2.85	84.42	124.00	780.60	9.89	9.89	9.89	4.08	4.87	28.94	35.61	17.484	290.834	97.801	17.714	1015.13	1
EQU	0	29/08/18	22:37:45	//	22:37:45	57.7721	9.6103	17.59	NaN	2145.30	376.94	199.37	1.33	35.34	1014.70	1011.42	-0.28	2.84	83.42	124.00	1066.15	9.89	9.89	9.89	4.65	4.94	28.94	35.51	17.338	289.806	97.224	17.600	1015.06	1
EQU	0	29/08/18	22:39:18	//	22:39:18	57.7725	9.5974	17.49	NaN	2151.70	378.44	198.79	1.33	35.34	1014.70	1011.41	-0.16	2.83	83.79	124.00	1066.18	9.89	9.89	9.89	3.51	4.81	28.94	35.51	17.339	287.740	96.450	17.559	1015.09	1
EQU	0	29/08/18	22:40:50	//	22:40:50	57.7729	9.5847	17.45	NaN	2156.20	379.53	197.91	1.32	35.33	1014.70	1011.46	-0.20	2.84	82.89	124.00	1066.18	9.89	9.89	9.89	3.73	5.06	28.87	35.61	17.310	288.380	96.510	17.482	1015.05	1
EQU	0	29/08/18	22:42:23	//	22:42:23	57.7733	9.5721	17.53	NaN	2160.10	380.48	198.20	1.32	35.33	1014.60	1011.30	-0.35	2.86	83.73	124.00	1066.20	9.89	9.89	9.89	3.51	4.81	28.87	35.61	17.458	289.248	97.045	17.604	1014.87	1
EQU	0	29/08/18	22:43:56	//	22:43:56	57.7736	9.5594	17.62	NaN	2159.80	380.43	197.66	1.32	35.33	1014.50	1011.17	-0.22	2.84	85.33	124.00	1066.23	9.89	9.89	9.89	4.37	5.12	28.87	35.51	17.472	290.342	97.526	17.660	1014.82	1
EQU	0	29/08/18	22:45:29	//	22:45:29	57.7740	9.5469	17.67	NaN	2153.20	378.90	197.70	1.32	35.33	1014.50	1011.09	-0.20	2.84	83.63	124.00	1066.23	9.89	9.89	9.89	3.29	4.81	28.87	35.51	17.586	290.543	97.750	17.738	1014.78	1
EQU	0	29/08/18	22:47:02	//	22:47:01	57.7745	9.5347	17.75	NaN	2146.10	377.27	197.83	1.32	35.32	1014.40	1010.89	-0.17	2.83	85.11	124.00	1066.23	9.89	9.89	9.89	4.10	5.00	28.81	35.51	17.610	290.954	97.998	17.792	1014.63	1
EQU-DRAIN	0	29/08/18	22:48:35	//	22:48:34	57.7751	9.5223	17.76	NaN	2138.70	375.59	198.16	1.32	35.31	1014.30	1010.86	-0.13	2.82	84.00	124.00	1066.20	9.89	9.89	9.89	3.94	4.87	28.75	35.51	17.604	291.870	98.314	17.795	1014.57	1
EQU	0	29/08/18	22:50:28	//	22:50:28	57.7755	9.5071	17.75	NaN	2130.80	373.74	198.41	1.33	35.30	1014.20	1010.79	-0.24	2.82	83.47	124.00	1066.20	9.89	9.89	9.89	4.20	5.00	28.75	35.51	17.604	291.776	98.255	17.782	1014.50	1
EQU	0	29/08/18	22:52:02	//	22:52:02	57.7760	9.4946	17.76	NaN	2127.00	372.84	198.00	1.32	35.29	1014.20	1010.86	-0.21	2.83	83.05	124.00	1066.18	9.89	9.89	9.89	2.84	4.87	28.75	35.51	17.611	291.819	98.292	17.793	1014.50	1
EQU	0	29/08/18	22:53:35	//	22:53:35	57.7762	9.4823	17.77	NaN	2125.40	372.44	198.20	1.32	35.29	1014.30	1010.95	-0.18	2.85	84.05	124.00	1066.18	9.89	9.89	9.89	3.43	5.06	28.75	35.51	17.598	291.756	98.280	17.798	1014.62	1
EQU	0	29/08/18	22:55:08	//	22:55:08	57.7765	9.4701	17.77	NaN	2124.10	372.10	198.00	1.32	35.28	1014.30	1010.97	-0.20	2.84	82.79	124.00	1066.20	9.89	9.89	9.89	3.14	4.81	28.75	35.51	17.655	291.646	98.285	17.818	1014.67	1
EQU	0	29/08/18	22:56:41	//	22:56:40	57.7767	9.4579	17.81	NaN	2125.70	372.42	197.12	1.32	35.27	1014.40	1011.09	-0.19	2.83	83.31	124.00	1066.18	9.89	9.89	9.89	5.02	5.00	28.75	35.41	17.669	291.611	98.325	17.844	1014.71	1
EQU	0	29/08/18	22:58:13	//	22:58:13	57.7767	9.4455	17.81	NaN	2128.80	373.08	197.87	1.32	35.26	1014.60	1011.07	-0.20	2.84	84.21	124.00	1066.15	9.89	9.89	9.89	3.49	4.81	28.69	35.41	17.635	291.399	98.243	17.839	1014.75	1
EQU	0	29/08/18	22:59:46	//	22:59:46	57.7768	9.4333	17.79	NaN	2130.90	373.59	197.87	1.32	35.25	1014.50	1011.15	-0.26	2.85	83.58	124.00	1066.15	9.89	9.89	9.89	4.27	5.06	28.75	35.41	17.605	291.560	98.236	17.808	1014.71	1
EQU	0	29/08/18	23:01:19	//	23:01:19	57.7768	9.4211	17.72	NaN	2132.80	373.99	198.00	1.32	35.24	1014.50	1011.13	-0.27	2.86	84.00	124.00	1066.15	9.89	9.89	9.89	4.35	4.81	28.75	35.41	17.512	291.681	98.138	17.740	1014.89	1
EQU	0	29/08/18	23:02:52	//	23:02:51	57.7768	9.4090	17.58	NaN	2135.20	374.51	197.50	1.32	35.23	1014.60	1011.23	-0.14	2.85	84.90	124.00	1066.15	9.89	9.89	9.89	4.74	5.06	28.69	35.41	17.252	292.582	98.011	17.528	1014.87	1
EQU	0	29/08/18	23:04:24	//	23:04:24	57.7766	9.3967	17.44	NaN	2135.70	374.59	197.70	1.32	35.22	1014.60	1011.18	-0.15	2.82	83.84	124.00	1066.15	9.89	9.89	9.89	4.07	4.81	28.69	35.41	17.304	293.137	98.099	17.480	1014.90	1
EQU	0	29/08/18	23:05:57	//	23:05:57	57.7765	9.3845	17.54	NaN	2136.30	374.74	198.41	1.32	35.20	1014.60	1011.29	-0.26	2.83	83.89	124.00	1066.15	9.89	9.89	9.89	3.94	5.06	28.62	35.30	17.467	291.908	97.948	17.609	1014.92	1
EQU	0	29/08/18	23:07:30	//	23:07:31	57.7764	9.3721	17.61	NaN	2135.20	374.41	198.25	1.32	35.19	1014.70	1011.47	-0.19	2.84	84.37	124.00	1066.13	9.89	9.89	9.89	3.72	4.81	28.69	35.30	17.461	291.244	97.796	17.644	1015.03	1
EQU	0	29/08/18	23:09:03	//	23:09:03	57.7763	9.3600	17.61	NaN	2131.60	373.50	197.95	1.32	35.18	1014.80	1011.52	-0.19	2.85	84.00	124.00	1066.10	9.89	9.89	9.89	4.27	5.06	28.69	35.30	17.456	290.791	97.641	17.642	1015.16	1
EQU	0	29/08/18	23:10:35	//	23:10:36	57.7763	9.3478	17.60	NaN	2126.60	372.31	198.25	1.32	35.17	1014.90	1011.59	-0.26	2.86	83.79	124.00	1066.13	9.89	9.89	9.89	4.41	4.87	28.69	35.20	17.410	290.579	97.525	17.620	1015.10	1
EQU	0	29/08/18	23:12:08	//	23:12:09	57.7764	9.3357	17.53	NaN	2121.40	371.08	197.91	1.32	35.16	1014.90	1011.52	-0.19	2.85	82.52	124.00	1066.13	9.89	9.89	9.89	3.63	4.94	28.62	35.20	17.364	289.922	97.175	17.556	1015.10	1
EQU	0	29/08/18	23:13:41	//	23:13:42	57.7763	9.3237	17.54	NaN	2117.30	370.11	198.08	1.32	35.16	1014.90	1011.62	-0.29	2.84	82.79	124.00	1066.07	9.89	9.89	9.89	3.88	4.81	28.62	35.20	17.399	289.995	97.239	17.576	1015.17	1
EQU	0	29/08/18	23:15:14	//	23:15:15	57.7762	9.3115	17.56	NaN	2114.50	369.42	198.00	1.32	35.14	1015.00	1011.76	-0.28	2.84	83.26	124.00	1066.02	9.89	9.89	9.89	4.00	5.00	28.56	35.20	17.368	290.848	97.531	17.578	1015.27	1
EQU	0	29/08/18	23:16:47	//	23:16:47	57.7761	9.2993	17.52	NaN	2112.70	369.01	197.29	1.32	35.12	1014.90	1011.61	-0.21	2.85	83.26	124.00	1065.97	9.89	9.89	9.89	3.53	4.81	28.56	35.09	17.328	291.934	97.827	17.545	1015.17	1
EQU	0	29/08/18	23:18:19	//	23:18:20	57.7760	9.2871	17.48	NaN	2112.00	368.83	196.95	1.31	35.12	1014.90	1011.38	-0.28	2.86	83.58	124.00	1065.99	9.89	9.89	9.89	3.39	5.06	28.50	35.09	17.254	292.077	97.764	17.490	1015.12	1
EQU	0	29/08/18	23:19:52	//	23:19:53	57.7759	9.2749	17.39	NaN	2112.80	368.98	197.16	1.32	35.10	1014.90	1011.64	-0.20	2.86	85.86	124.00	1066.07	9.89	9.89	9.89	4.00	4.81	28.50	35.09	17.170	292.596	97.760	17.403	1015.19	1
EQU	0	29/08/18	23:21:25	//	23:21:26	57.7759	9.2630	17.31	NaN	2108.30	367.87	197.25	1.32	35.09	1015.00	1011.72	-0.22	2.86	84.05	124.00	1066.02	9.89	9.89	9.89	4.61	5.06	28.50	34.99	17.171	292.840	97.711	17.338	1015.27	1
EQU	0	29/08/18	23:22:58	//	23:22:58	57.7758	9.2509	17.34	NaN	2104.40	367.01	197.45	1.32	35.07	1014.90	1011.57	-0.17	2.85	84.37	124.00	1065.99	9.89	9.89	9.89	3.98	4.81	28.44	34.99	17.112	293.445	97.933	17.348	1015.16	1
EQU	0	29/08/18	23:24:30	//	23:24:31	57.7757	9.2388	17.29	NaN	2105.50	367.28	196.08	1.31	35.05	1014.80	1011.46	-0.31	2.86	83.58	124.00	1065.92	9.89	9.89	9.89	3.85	5.12	28.37	34.99	17.107	295.311	98.504	17.323	1015.12	1
EQU	0	29/08/18	23:26:03	//	23:26:04	57.7755	9.2268	17.25	NaN	2103.60	366.80	196.12	1.31	35.03	1014.80	1011.52	-0.20	2.87	84.21	124.00	1065.81	9.89	9.89	9.89	3.94	4.81	28.37	34.99	17.091	296.571	98.833	17.278	1015.13	1
EQU	0	29/08/18	23:27:36	//	23:27:36	57.7753	9.2147	17.25	NaN	2102.60	366.57	196.62	1.31	35.02	1014.80	1011.29	-0.24	2.88	83.26	124.00	1065.81	9.89	9.89	9.89	3.80	5.06	28.31	34.88	17.096	295.906	98.637	17.291	1015.09	1
EQU	0	29/08/18	23:29:08	//	23:29:09	57.7751	9.2027	17.23	NaN	2106.50	367.47	196.33	1.31	35.00	1014.80	1011.24	-0.18	2.87	83.10	124.00	1065.79	9.89	9.89	9.89	3.67	4.75	28.31	34.88	17.027	297.013	98.918	17.249	1015.06	1
EQU	0	29/08/18	23:30:41	//	23:30:42	57.7749	9.1908	17.17	NaN	2105.70	367.23	196.83	1.31	34.97	1014.80	1011.34	-0.31	2.87	83.94	124.00	1065.81	9.89	9.89	9.89	3.45	5.00	28.25	34.88	17.000	297.702	99.037	17.195	1015.02	1
EQU	0	29/08/18	23:32:14	//	23:32:15	57.7747	9.1788	17.16	NaN	2101.70	366.29	197.00	1.31	34.94	1014.80	1011.34	-0.31	2.87	83.21	124.00	1065.76	9.89	9.89	9.89	3.98	4.87	28.25	34.78	16.984	298.484	99.261	17.178	1015.09	1
EQU	0	29/08/18	23:33:47	//	23:33:47	57.7745	9.1670	17.16	NaN	2097.80	365.33	197.75	1.32	34.92	1014.80	1011.38	-0.19	2.86	82.84	124.00	1065.71	9.89	9.89	9.89	3.92	5.00	28.19	34.78	17.049	298.450	99.315	17.209	1015.13	1
EQU	0	29/08/18	23:35:19	//	23:35:20	57.7744	9.1550	17.22	NaN	2096.70	365.03	196.91	1.31	34.89	1014.90	1011.45	-0.28	2.86	85.06	124.00	1065.63	9.89	9.89	9.89	3.59	4.87	28.06	34.78	17.084	297.746	99.177	17.256	1015.17	1
EQU	0	29/08/18	23:36:52	//	23:36:53	57.7742	9.1431	17.24	NaN	2099.50	365.64	197.25	1.31	34.87	1014.90	1011.46	-0.25	2.86	84.63	124.00	1065.58	9.89	9.89	9.89	3.92	4.94	28.12	34.78	17.092	297.439	99.110	17.273	1015.16	1
EQU	0	29/08/18	23:38:25	//	23:38:26	57.7741	9.1313	17.25	NaN	2102.10	366.20	196.00	1.31	34.85	1014.90	1011.51	-0.26	2.88	84.37	124.00	1065.58	9.89	9.89	9.89	3.67	4.94	28.00	34.67	17.103	297.453	99.131	17.280	1015.23	1
EQU	0	29/08/18	23:39:57	//	23:39:58	57.7739	9.1194	17.27	NaN	2104.30	366.66	195.45	1.30	34.82	1015.00	1011.48	-0.29	2.87	83.68	124.00	1065.50	9.89	9.89	9.89	2.94	4.81	28.06	34.67	17.150	297.352	99.158	17.310	1015.18	1
EQU	0	29/08/18	23:41:30	//	23:41:31	57.7737	9.1075	17.32	NaN	2105.90	367.01	195.79	1.30	34.79	1014.90	1011.60	-0.25	2.86	85.38	124.00	1065.47	9.89	9.89	9.89	3.68	5.00	28.06	34.67	17.193	297.014	99.143	17.358	1015.21	1
EQU	0	29/08/18	23:43:03	//	23:43:04	57.7735	9.0956	17.36	NaN	2108.90	367.66	195.50	1.30	34.76	1014.90	1011.64	-0.25	2.85	83.21	124.00	1065.45	9.89	9.89	9.89	3.67	4.81	28.00	34.67	17.267	296.595	99.107	17.408	1015.17	1
EQU	0	29/08/18	23:44:36	//	23:44:36	57.7732	9.0837	17.32	NaN	2112.70	368.53	195.37	1.30	34.74	1014.90	1011.46	-0.28	2.86	85.27	124.00	1065.45	9.89	9.89	9.89	3.33	4.87	27.94	34.67	17.086	296.502	98.910	17.327	1015.17	1
EQU	0	29/08/18	23:46:08	//	23:46:09	57.7728	9.0715	17.22	NaN	2107.30	367.25	195.45	1.30	34.72	1014.90	1011.39	-0.32	2.87	85.11	124.00	1065.45	9.89	9.89	9.89	4.17	4.94	28.00	34.57	17.054	297.324	99.011	17.243	1015.17	1
EQU	0	29/08/18	23:47:41	//	23:47:42	57.7724	9.0593	17.20	NaN	2090.20	363.29	196.04	1.31	34.68	1014.90	1011.47	-0.28	2.86	84.53	124.00	1065.47	9.89	9.89	9.89	4.05	4.81	27.94	34.57	17.031	297.679	99.075	17.217	1015.13	1
EQU-DRAIN	0	29/08/18	23:49:14	//	23:49:14	57.7720	9.0472	17.17	NaN	2073.00	359.33	195.95	1.30	34.66	1014.80	1011.34	-0.28	2.86	84.32	124.00	1065.45	9.89	9.89	9.89	3.73	4.94	28.00	34.57	16.999	297.954	99.124	17.197	1015.10	1
EQU	0	29/08/18	23:51:07	//	23:51:08	57.7717	9.0321	17.16	NaN	2060.20	356.37	196.25	1.31	34.63	1014.80	1011.36	-0.31	2.85	84.53	124.00	1065.37	9.89	9.89	9.89	4.22	4.94	28.00	34.57	17.009	298.128	99.175	17.193	1015.10	1
EQU	0	29/08/18	23:52:40	//	23:52:41	57.7716	9.0196	17.13	NaN	2054.80	355.13	196.00	1.30	34.60	1014.70	1011.33	-0.36	2.85	83.36	124.00	1065.34	9.89	9.89	9.89	4.41	5.00	28.00	34.46	16.983	297.951	99.057	17.165	1015.08	1
EQU	0	29/08/18	23:54:13	//	23:54:13	57.7715	9.0074	17.14	NaN	2051.40	354.29	196.04	1.30	34.59	1014.80	1011.39	-0.37	2.85	85.43	124.00	1065.29	9.89	9.89	9.89	3.76	4.81	28.00	34.46	16.986	297.815	99.017	17.167	1015.09	1
EQU	0	29/08/18	23:55:45	//	23:55:46	57.7714	8.9950	17.13	NaN	2049.00	353.72	196.41	1.31	34.56	1014.80	1011.47	-0.33	2.86	83.84	124.00	1065.34	9.89	9.89	9.89	4.14	4.94	28.00	34.46	16.960	298.271	99.147	17.156	1015.06	1
EQU	0	29/08/18	23:57:18	//	23:57:19	57.7713	8.9825	17.12	NaN	2047.00	353.24	196.00	1.30	34.53	1014.80	1011.41	-0.28	2.86	84.79	124.00	1065.32	9.89	9.89	9.89	3.81	4.94	27.94	34.36	16.990	298.689	99.295	17.161	1015.06	1
EQU	0	29/08/18	23:58:51	//	23:58:51	57.7712	8.9702	17.14	NaN	2046.10	353.01	196.16	1.31	34.52	1014.80	1011.45	-0.39	2.87	84.90	124.00	1065.29	9.89	9.89	9.89	3.39	4.81	28.00	34.36	16.969	298.631	99.281	17.164	1015.02	1
EQU	0	30/08/18	00:00:23	//	00:00:24	57.7710	8.9578	17.11	NaN	2045.80	352.96	196.20	1.31	34.49	1014.80	1011.28	-0.26	2.85	83.79	124.00	1065.18	9.89	9.89	9.89	4.19	4.94	27.94	34.36	16.968	298.565	99.221	17.145	1015.01	1